T1: 85123A 71053 84406B 84029G 84029E 22752 21730
T2: 22633 22632
T3: 84879 22745 22748 22749 22310 84969 22623 22622 21754 21755 21777 48187
T4: 22960 22913 22912 22914
T5: 21756
T6: 22728 22727 22726 21724 21883 10002 21791 21035 22326 22629 22659 22631 22661 21731 22900 21913 22540 22544 22492 POST
T7: 22086
T8: 22632 22633
T9: 85123A 71053 84406B 20679 37370 21871 21071 21068 82483 82486 82482 82494L 84029G 84029E 22752 21730
T10: 21258
T11: 85123A 71053 84406B 20679 37370 21871 21071 21068 82483 82486 82482 82494L 84029G 84029E 22752 21730
T12: 22114 21733
T13: 22632 22633
T14: 22386 85099C 21033 20723 84997B 84997C 21094 20725 21559 22352 21212 21975 21977 84991 84519A 85183B 85071B 21931 21929
T15: 22961
T16: 22139 84854 22411 82567 21672 22774 22771 71270 22262 22637 21934 21169 21166 21175 37444A 37444C 22086 22083 84971S 71270 47580 22261 84832 22644 21533 21557 15056BL 15056N 22646 22176 22438 21731 22778 22719 21523
T17: 10002 21912 21832 22411 22379 22381 22798 22726 22926 22839 22838 22783
T18: 82484 84755 22464 21324 22457 22469 22470 22224 21340 22189 22427 22428 22424
T19: 22783 22961 22960 22663 85049A 22168 22662
T20: 84880 85099C 85099B
T21: 79321 22780 22779 22466 21731
T22: 21754 21755 21523 21363 21411 22318 22464 22915 22922 22969 22923 21115 22469 22242
T23: 22941 21622 21791 35004C 35004G 85014B 85014A 22193 22726 22727 22192 22191 22195 22196
T24: 22941 22960 22961 22962 22963 22968 84970S 22910 20668 85123A 22197 22198 21533 21080 21094 21086 21786 22654 21485 84029G 84030E 22174 22969 85099B
T25: 22150 22619 21891 21889 22827 22127 22128 22502 84879 22338
T26: 22180
T27: 21506 22633 22866 22865 22632 21485 22349 22558 85152 85123A 22652
T28: 22188 84879 21977 84991 21212 21484 21314 22730 22727 22729 22726 22114 22867 22866
T29: 85123A 71053 84406B 15056BL 20679 37370 21871 21071 21068 82483 82486 82482 82494L 84029G 84029E 22752 22803 21730
T30: 35004B 35004C
T31: 21980 21844 22468 22637 22752 48185 22632 22866 22865 21232 22064 22449 22114 22835 22112 21479 22111
T32: 22632 22633
T33: 22969
T34: 22110 22098 22100 22766 22451 22549 84744 85049E 21328 22961 17091A 22473 84509A 84510A 22767 22768 21463 21464 20820 85150 22117 21169 48129 82580 82578 82581 22413 21907 22441 21122 22851 84991 22810 22809 22435 20966 20963 20961 22068 21743 21744 84709B 21592 21587 20992 22662 85123A 22804 82483 20749 20725 22382 20726 22384 22467 84625C 84625A 21108 22848 21033 47570B 84030E 22428 22502
T35: 22086 22910 22837
T36: 22867 POST
T37: 22297 22771 22772 22773 22805 22469 22197 21125 21126 85049C 85049D 85049E 85049G 21061 21063 21062 84380 84378 22964 21213 22417 21212 84992 21975 22383 20728 20727 22296
T38: 20914
T39: 85123A 71053 84406B 20679 37370 21871 21071 21068 82483 82486 82482 82494L 84029G 84029E 22752 22803 21730
T40: 22632 22633
T41: 22537 22533 20982 21832 21915 21914 21544 22813 22114 84029E 21479 22964 84375 22418 22178 84970L 21733 22465 84949 20685 48194 22488 22219 84879 21754 21755 22766 22610 22716 22706 22371 85014B 85014A 84997B 21212 21210 22914 22553 16237 22714 22812 84347 21587 22736 22492 22620 22619 21705
T42: 90199C 21479 22111 22785 22975 22972 22866 22568 85116 22664 21609 21866 20669 90129F 90210B 90199C 21955 72802C 22109 85116 22531 21811 22183 21678 21676 84625A 84625C 21931 85169B 16238 20668 84906 21867 22075 21866 21326 21065 22074 22900 20713 20966 21116 90199C 22633 22866 22198 21824 21823 22153 22197 85099B 85099F 20717 20723 22900 21980 22111 22112
T43: 20728 22382 22326 22662 22383 20727 22328 22327 22630 22629 21245 21244 21242 21243 22327 22273 22940 22652 22759 21880 21738 22077 85049E 22961 21448 22837 22749 22940 22749 22077 21738 85049E 22243 22141 22144 22243 22077 21448 22759 22242 85049E 21731 22243 21739 21738 22271 22273 22274 22749 22751 21034 22273 22568 22141 22144 22570 22569 21448 22086 22569 21448 22968 22902 21448 22902 21710 21708 21711 22179 22197 22900 21706 22468 20725 85184C 21708 22900 21706 22988 85184C 20750
T44: 22952 22910 22739 22738 22736 22909 35591T 22186 22695 22470 22580 22469 22147 22130 21791 22694 21790 22149 22900 22961 22321 22594 22593 22595 21986 22750 22616 22775 22899 22367 22942 22941 22086 22940 21212 21976 22951 21977 22834 22867 22865 22632 21916 22587 22566 22565 22472 22557 22551 22554 22534 22531 22529 22530 84032B 22837 85049H 22749 22807
T45: 21494 21915 22938 22768 22767 82494L
T46: 21889 21892 21891 21890 21718 21716 21715 22113 22111 22110 22358 22357 22115 22969
T47: 22619 21481 22632 22837 21479 21485 84029E 22111 22113
T48: 22837 22585 79321 22637 21556 22646 22644 22645 22650 22508 21411 22511 22451 22449 22768 22829 22961
T49: 21154 22189 17021 22059 22188 84678
T50: 85172 22142 22144 21591 22480 22294 21156 10133 72800E 22294 84836 20774 20773 20777 16016 16014 21890 21891 22619 22620 84347 85169B 21156 21651 21651 84625C 22618 21586 21587 22152 85172 84754
T51: 22670 21586 84992 84879 84849B 22927 22926 22925 21977 21485 21484 21259 21257 21121
T52: 82552
T53: 90200B 90059B 90185C 90059E 90059C 90200C 90200D 90200A 22386 85099B 84879 22086 22737 21260 22744 21985 21980 22988 22297 22294 22295 22813 22812 22197 21977 22619 16258A 21992 22910 21124 22735 22952 22945 21816 21815 21814 10125 22810 22573 22577 22603 22809 20878 20866 85095 22333 22557 21584 22866 22731 22866 22866 22558 22956 22945 22582 21212 21212 22585 21121 21122 22759 21815 85231B 85231G 22082 22500 22742 21329 21328 21327 21992 21738 48173C 85099C 22960 85231G 85231B 22866 72818 21814 22441 22312 22197 22663
T54: 22960 22961
T55: 21314 84029E 21137 22041 20979 20977 22619 22571 22595 22593 22633 22632 22423 22411
T56: 22738 21621 22960 22082 47563A 84558A 21592 20878 84347 84347 21577 22909 22087 22651 22713 22910 21370 21367 22376 22961 21895 22468 21034 22372 22867 22144 21190 21894 70007 22940 70007 84347 22150 22149 22144
T57: 21622 46000M 22630 22616 22712 22983 22024 22113 84029E 21488 22900 22895 21035 21755 21754
T58: 84879 22784 21441 85123A 22423
T59: 84947 21326
T60: 22865 22485 22807 22633 22866
T61: 21794 20707 21175 22926 22588 21292 21890 22632 22633 22670 21867 22760 22107 22470 21486 22151 22643 22642 22604 22099 22553 22551 22653 22557 22906 22754 22938 22812 22919 22917 22920 22921 22918 22916 85123A 22575 21804 21584 21588 22152 22441 22955 22956 22582 22583 22241 22904 22905 22197 22092 22469 22100 22096 22583 21358 21123 21124 21122 84378 21985 21427 21034 21930 20772 22469 71406C 84985A 20754 84596E 21111 22501
T62: 22854
T63: 84997D 47599A 47599B 22749 20972 22569 21041 21664 84969 22907 22865 22866 22632 22776 22338 21810 22449 21197 85231G 21121 22151 84836 21326 85035B 84968C 85231B 22739 37370 22941 21098 22151 84836 20914 22749 21190 84997C 21810 21192 85014A 21124 72800B 84563A 22107 47504H 21121 21122 21742 22566 21664 22632 21122 22481 85099B 21931
T64: 22943 22468 22149 21485 21259 22969 22699 22217 22227 22219 22111 22294
T65: 21111 21106 21107 22697
T66: 21826 21791 22548 22149 17164B 22423 22429 22428 20974 20973 15044B 21324 20750
T67: 21135 22173 22626 22625 22624 21929 85099B 22411 22113
T68: 22809 84347 84945 22242 22244 22243 47421 20712 20713 22837 22969 22973 84569B 22549 POST
T69: 22815 22865 22585 21587 84985A 85114B 22813 22128 22839 22584 22130 22938 22411 21731 22616 22454 22865 21992 22326 22082 85049E 22077 85049A 22865 22867 22910 22963 22960 85114C 85114B 22974 22423 21452 22938 22812 22584 22744 22743 22911 22585 22900 22911 22743 22744 22961 22411 22454 22453 84985A 22445 22568 22570 22607 22635 22634 22839 22968
T70: 22222 22947 21743 22187 22164 72598 21258 22627 22487
T71: 22360 22364 21657 22699 21071 22941 22120 22423 21038 21625 22783 22097 82552 21179 22185 22097 21662 85104 21654 21658 21664 22943 22411
T72: 21519 22819 21506 22704 21498 15056N 15056BL 20679 22049 21498 21497 21333 22727 22726 22730 22086 22910 22194 22192 22193 22191 22688 22768
T73: 84692 22444 22899 21156 22556 22555 22554 22553 22551 22547 22544 22543 22540 22539 22534 22530 22531 22561 22489 22814 21520 21506 22716 22866 22632 22865 22114 21982 21981 21967 22092 21983 22615 21980 22614 22095 22094 21984 22557 21786 21080 22963 22962 22961 84375 22966 21874 21873 21870 22956 84050 84991 84992 21213 21977 21212 22198 22197 22315 22667 22666 22665 22558 22567 85150 21166 85152 82600 21733 20685 22842 22494 21260
T74: 20754 22740 22825 22680 22797 21843
T75: 22866 22834 22865 22867 22112
T76: 22943 22118 22121 22119 21485 22219 21523 48194 20685 21156 22418 22311
T77: 21485 84879 72817
T78: 22277 22333 20867 21688 21694 22183 22423 22798 22800 22801 22781
T79: 21466 21467 21471 21469 21523 48129 21524 22791 84949 22086 22910 22457 21690 22752 37343 22088 22195 22470 22469 22173 22584 22583 21143 84944 22601 22603 22600 22574 22573 85199L 85199S
T80: 22969 72741 37495 22807 22171 82486 22173 85067 48184 48138 48129 21625 22326 22423 21743 22557 22554 85019A 85019C 20902 21429 22867 22632 84030E 22114 21481 22379
T81: 22968 85071A 85071C 22355 21579 21576 22147 22150 22492 22493 21833 85135B 85136A 85136C 21055 21056 21889 21891 22622 C2
T82: 21915
T83: 22382 20727 22383 22386 85099B 22379 20712 85099F 85099C 21930 21928 22411 21931 20711 20713 85123A
T84: 84970L 84970S 22466 22625 20914 22835 22837 22900 22174 22112 22895 21592 79144B 22900 22551 22310 22557 22555 22480 22482 22481 22663 22659 84949 21326 22713 22551 22310 22111 21592 22112 22895 22629 21916 21917
T85: 22599 22597 22336 21922 35961 21843 20749 22694
T86: 21495 46000R 46000S 22731 21258 21041 84920 22173 22953 84508A 22471 21935 21670 20668 21672 22553 22041 20972 22568 22570 22730 20749 22785 22786 85064 22212 21486 22114 21485 84029E 22678 22686 22468 85232B 21479 84029G 22837 22112 22835 21485 22111 22667 22666 21259 22941 82484 84685 21363 85232B 22755 20616 22451 22114 22753 79066K 22794 22592 84352 79321 22694 21098 22470 22795 20963 22278
T87: 84884A 51014C 51014L 51014L 51014C 51014A 22366 22876 22953
T88: 79321 48129 48111 22960 22847 22846 22665 22652 22418 22402 22400 22399 20685
T89: 22318 22551 22748 22745 21731 22466 20972 22274 22750 22780 22779 22866 22867 22865 22632
T90: 21777 79302M 22752 21609 20685 48185 48194 22423 37446 37449 21231 21232 84509B 22313 22314 21181 72741 22187
T91: 85199S 22909 22798 22800 21818 22976 21452 22964 22941
T92: 37446 37449
T93: 21668 22771 22805 22772 22774 22773
T94: 22867 22866 22865 21231 22645 22646 22632
T95: 22915
T96: 22171 21462 22622 22616 22713 22111 22496 84870C 22659 22494 22111 22113 84870B 22119 22121 22765 21351 22130 21191 22945 22581 22639 22579 22572 21809 21818 22571 21810 21809 21147 21811 22640 22641 22638 22573 22576 22603 21817 21813 21808 21804 21014 21823 22086 21018 22739 22738 22635 22731 22428 22946 22825 21871 21071 M 21340 22816 22818 21591 21587 22750 22767 22660 85232B 22941 M 21761
T97: 84836 21781 22457 22113 22835
T98: 85032D 22696 21790 84360 35954 35957 84760S 72816 84754 22444 35598D 85045 21352 22065 35598B 85099C 22952 85048
T99: 22589 22121 22119 22573 22574 22577 22578 22579 22593 22594 22595 21810 21811 21817 22695 22696 21523 22469 22855 21754 21756
T100: 84755 84970L 22178 22791
T101: 21756
T102: 21864 21107 21232 84050 85099B 85123A 15056P 22095
T103: 22041 85174 84050 84029E 82615 21156 20727 35004C 85099B 85123A 22095 85038 15056N 20971 21354 21107
T104: 20725 21232 22646 22147
T105: 22837 21484 22865 22866 22834 22726 22728 22729
T106: 21232 20727
T107: 22966 22965 22975 22988 22972 22974
T108: 85099B
T109: 21668 21672 22771 22530 22534 21374 21365 21479 21481 84032A 84031A 21509 22025 22650 22637 22634 22635
T110: 21156
T111: 84029E
T112: 37449
T113: 22846 22848 22726 22728 22725 22729 22730
T114: 37448 22744 22743 22646 21232 22466 22540 22531 16237 22752 22114 21108 22355 22449 22867 21986 21982 22421 17003 21098 22548 21790
T115: 22960 22961 22962 22963 21777 22666 22667 84997A 84997B 84997C 84997D
T116: 22969 85123A 22112 22114 21340 22457 21136 22776 21166 22794 71477 22030 22622 21055
T117: 21427 22135 90214M 90214V 90214S 90214J 22386 22378 20750 21888 22321 21789 21238 21629 22379 72807C 22497 21850 20978 20768 22081 20780 51014C 21398 22476 21643 72741 21620 37449 22260 22136 47591B 21041 21035 85064 22121 21488 21484 22357 21985
T118: 21524 22366 22519 22222 21472
T119: 21733 22113 22804 84970L 85123A
T120: 21877 21137 22041 22121 21756 21705 22694 20679 21577 22524 20765
T121: 22952 21704 21703 21705 85035C 72803A 22086 22910 22583 22731 20682 72802C 22384 40001 21709 22220 21739 85034A 72818 72798C 22197 20726 84744 35271S 21380 22909 21221 20755
T122: 21421 21422 22178 22617
T123: 22968 22727 22726 84945 20749 21056
T124: 85123A 71053 82483 82486 82482 82494L 22411 84029G 84029E 22752 22803 21730
T125: 22632 22633
T126: 37370 21871 21071 21068 82483 22411 84029G 84029E 21730 22752 85123A 71053
T127: 22632 22633
T128: 84832 85231B 22189 22457 22863 22792 84970S 72741 22961
T129: 21364 22219 20966 22107 22109 21181 21042 47567B 22111 22271 22272 22273 22274 20963 21172
T130: 72760B 22602 21754 21756 21481 22114 22386 85099B 22365 21955 21733 84879 22423 22624 22507 22457 22804 85123A
T131: 22863 22962 22963
T132: 85123A 71053 84406B 37370 21871 21071 21068 82483 82486 82482 82494L 22411 84029G 84029E 22752 21730
T133: 22632 22633
T134: 22865 22866 22632 22633 21790 21889 22549 84031A 84032A 62096A 85071D 21915 82580 21272
T135: 85123A 71053 84406B 37370 21871 21071 21068 82483 82486 82482 82494L 22411 84029G 84029E 21730
T136: 22149 22818 22044 21790 22619 22620 21918 22544 21791 22029 22037 22652 84836 22910 22736 21360 22945
T137: 22632 22633
T138: 22367 84077 22618 22752 22837 22634 22898 22781 22467 84792 21754 22120
T139: 21137
T140: 21356 21354 79321 72741 22179 85116 21125 85175 79302M 20893 21743
T141: 20975 21592 22551 22555 22556 22197 22198 22418 21791 21914 21915 22440 22434 22466 22564 84077 84375 22909 22910 22943 22952
T142: 22960 22961
T143: 22965 21215 21212 21977 84991 22961 22744 22743 85049E 85049G 21328 21058 21060 21061 21062 21719 21722 21724 84826 21883 21881 21880 22943
T144: 22549 22492 10135 22422 21790 22536 22561 22752 21791 22491
T145: 21355 21756 21518 21520 21506 22023 21519 22037 22029 22030 22027 22983 22718 22717 22712 22028 22815 72818 22697 21670 21669 21671 21673 21672 22771 22775 22772 22774 48185 48187 82494L 22245 84755 22460 84970L 22432 22433 22431 84674 82486 82483 21068 21069 21070 22972 22974 22419 21071
T146: 22676 22727 22726 22730 22725 22672 22109 22925 22926 22927 22699 20914 21212 21843 21588 21584 22568 22569 22570 21914 21915 22549
T147: 22965
T148: 22927 22928 22926 22776 22778 22777 22783 22941 21756 22961 22423 22697 22699 21755
T149: 85123A 71053 84406B 37370 21871 21071 21068 82483 82486 82482 82494L 22411 84029G 84029E 22752 21730
T150: 22632 22633
T151: 85123A 71053 84406B 37370 21871 21071 21068 82483 82486 82482 82494L 22411 84029G 84029E 22752 21730
T152: 22632 22633
T153: 21931 85099B 22386 22477 21875 37370 21479 21484 21485 22111 22837 22812 22739 22924 22923 22961 22964 22988 21843 21217 79066K
T154: 22952 22301 22960 22446 22086 22961 22728 22730 84380 22832 22926 22920 22916 22919 22917 22921 22918 22909
T155: 22457 20674 20676 20727 82582 21181 22900 82494L 21967 22170 21210 21679 22094 21080
T156: 21429 21428 22961 84375 21877 21870 21868 85150 85152 21181 22441 22840 22502 22855 21754 22557 22759 84029E 22114 22112
T157: 22086