T1: 33120 28985 9327 45918 30035 17794 40141 1819 43668
T2: 33754 24838 17704 21903 17668 46667 17461 32665
T3: 46842 26434 39758 27761 10054 21351 22598 34862 40285 17616 25146 32645 41276
T4: 13176 15005 47329 27966 23909 48370 13245 9633 27360 6348 40878 6184 48002 20914 37011 12962 45698 24773 18569 41176 48366 47209 46522 38693 48825 8479
T5: 40462 15873 41897
T6: 34050 46802
T7: 23423
T8: 21405 47890 11182 2014 29193 34203 14992 31506 23288 44533 18362 27366 432 3990 14183
T9: 24852 4796 31717 47766 4605 1529 21137 22122 34134 27156 14992 49235 26842 3464 25720
T10: 30162 27085 5994 1313 31506
T11: 30597 15221 43772 37886 37215 34335 3164 26910 38888 38050 25213 11175 23390 29471 43511
T12: 17330 27407 35419 196 44635 26878 25783 41290 33198 23020 36086 3800 25952
T13: 20392 27845 162 2452 8575 41890 39475 10096 23032 20995 45066
T14: 19660 21195 7461 2996 32463
T15: 9755 25466 45437
T16: 8021 34969 1000 5212 36011 44632 46969 27966 38985 26648 48745 7948 4802 28934 2116 45495 32018 27644 4656 9848 17568 23339 7308 35547 33279 46979 47766 1057
T17: 42265 24838 41540
T18: 35430 47485 7419 5112 33452 24852 42633 27605
T19: 5009 33106 4149 31478 25718
T20: 23909 22754 24852 28993 41273 23341 46941 39993 19068 21410 17341 40593 46979 31268
T21: 25931 35163 29662 26283 47766 12036 13497 44953 7969 8518 18689 44299 8381 32205
T22: 40078 9065 46175
T23: 9755 31487 37510 14576 22105 1934 6383 39046 48171 33506 30320 15925 37449 48299
T24: 35951 24852 46206 25890 33120 21903 40545 47766
T25: 13176 30442 13646 21019 38226 18479 47766 17794 42701 21938 5373 28849 41588 3382 19478 28985 49383 40604 8654 2447 24489 26128 15527 41950 20638 27451 10243
T26: 35108 40593 17461 22825 25256 47626 37220 12980 27548 45504 18531 47209 24024 38544 37288 31915
T27: 43352 21386 13176 8571 33768
T28: 48559 1158 42944
T29: 48946 22935 21903 31717 4920 25647 49156 29926 47900 9436
T30: 12384 15991 13176 20995 18362 35887 49683 4920 28199
T31: 5699 32740 8592 1446 46313 19970 49390 32981 40063
T32: 28413 24532 14715 16974 37980
T33: 35561 33059 43721
T34: 48679 4605 28204 21903 8385
T35: 10070 42450 33198 34866
T36: 27344 27355
T37: 19887 33000 13176
T38: 20915 21949 8817 37867 12850 21553 34005
T39: 31509 27979 20955 383 44384 28012 27356 13966 2240 17341
T40: 16349
T41: 36884 48183 26172 4778 34519 11983 18346 21067 41602 27656 17417 22282 47827 32917 5077 4447 3703 34233 28921 15364
T42: 16797 39275 43352 46041 29223
T43: 14129 22298 17600 6141 42169 12144 11403 36929
T44: 3513 39276 20307 19677
T45: 397 34993 17183 37788 1025 4799 276
T46: 30274 3594 14994 45433 44514 32624 604 21195 4493
T47: 18963 24852 39408 49683 4485
T48: 24852 37646 47209 36606 32442 14467 40706 5876 22298 38827 39275 38647 47626 34448 46194
T49: 10833 24852 34004 35430 11121 36086 32971
T50: 42736 8671 17872 5876 27966 13176 8251 24385 30391 8518 32734 11520 18234 32177 40709 45123 3464 41950 26940 6740 38315 25800
T51: 7021 4799 24964 11520 9076 1376 47209 21903 21910 34050
T52: 21903 47231 21137 43122 19057 47209 48857
T53: 23375 2825 22825 13176 26604 42265
T54: 32549 46077 12902
T55: 9934 22395 36929 37110 13176 37646 27966 17123 38777 2298 48628 781 13249 22935 890 17794 22963 44910
T56: 42265 22507 4149 29127 15541 13042 20940 10473 17207 38928 6184 16974
T57: 10017 43394 37766 26209 47766 28849 20114
T58: 25886 41674 9327 24203 34854 34640 6046 287 12508 13733
T59: 17889 9292 15424 18988 38959
T60: 19155 1940 25170
T61: 3397 21955 38689 45368 7658 37102
T62: 13176 11422 27514 46654 47993 5438 46226 25670
T63: 43739 17924 31805 9387 196 7768 17207 1629 21288
T64: 43875 27845 47049 8186 34134 42345 28682 36342 12341 11140 23060
T65: 11067 11481 44008 35824
T66: 10017 12023 47209 41544 5876 31553 31717 26209 39389 44632
T67: 28204 39108 4472 43950 29228 42548 20588 24852 47479 38515 5514
T68: 28413 24125 11759 21903
T69: 46667 14129 11136 27247 17902 45681 7715 15392 12456 14540 26369
T70: 25138 2361 10915 39275 21616 12341 33768 40709 24889 5959 43889 45646 44077 21019 46383 25195
T71: 31974 14159 33357 38996 39844
T72: 49510 36481 5120 43154 24184 2295 8277 34969 47626 15290 2979 22935 30391 23233 48057 31040 38944 39619 38273 36550 18079
T73: 32403 12899 21573 32455 16797
T74: 4210 4377 39461 13627 13110 12397 4840 11256
T75: 10761 27845 42118 24852 23734 2295 26604
T76: 25931 43014 24838 47209 15040 22867 10385 21137 39928 46394 44683
T77: 35417 14117 3376 20520 4421 39469 16797 37646
T78: 13176 1087 35503 4945 40587 11574 37935 43352 39561 2124 13292 12023 4605 10060
T79: 1463 11193 34423 28842 13984 42300 17594 34065 18306
T80: 16797 19691 32259 20217 21349 33776 41611 34063 42240
T81: 37634 36004 45253 47123 32566 23115 22950 17706
T82: 16797 39947 31748 44119 38770 49279 2707 45312 40338 46881 6128 13637 4105 46052 8538
T83: 21616 19511 47626 35628 18523 24852 2067 21137 43961 7485 9366 47766 30442 49131 46654 27690 27548 1158 26252 49683 15649 38400 28993
T84: 17794 20600 5876 37011 26648
T85: 42265 33043 890 44449 12797
T86: 5825 44303 48784 23293 42813 6218
T87: 44116 21903 4793 39121 29742 18288 45633 2929 1376 35503 14332 35704 14540 25230 48385 35561 1392 1374 39928 21137 24852 26604 49235 44375 5646
T88: 13194 47226 28454 33671 39620 23909 39581 27323 42677 4966 39408 13176 29487 25727
T89: 35221 16521 11520 17948
T90: 9337 10121 37630 22035 20379 39928 12395 21137 10849 47766 48464 49683 48287 37158
T91: 4366 17600 12276 30949 46175 36772 30850 44116 25451 2275 28465 10761 19019 33439 34565 35134 38782 38090 33184 1136 37460 28515 4006 37867 41973 27177 29963
T92: 46584 38200 13991 8025 32105 35176 12157
T93: 19660 196
T94: 6249 1408 5729 9138 16570 4472 21616 44926 47852 3561 37825 47626
T95: 29487 44625 27966 24830 27104 39001 19446 44570 26410 37462
T96: 30850 5794 1695 40386
T97: 28745 22124 26604 5212
T98: 1194 12276 13176 27423 17600 4920 28204 26790 27690 42443 4210 11712
T99: 4210 11210 2839 19836 49505 27288 23011 37449 47144 22620 24184 18019 19539 14168 16177 21938 44455 16370 27509 42548 30958 4497 12945 39335 46167 30413 31562 38819 20114 34092 5048 26179 14936 5672
T100: 35535 31577 47783 30391 43394 16953 11513
T101: 36011 21847 14872 42075 38381 7751 42383 5212 13708
T102: 36217 8195 25146 7948 4715 10616 49478 18848 26165 14131 19076 35871 49056 31555 22894 37751 42240 15452 33651 36066 40310
T103: 5876 35951 9450 26216 21405 24852 6873 34969 20114 23689
T104: 16797 20574 17461 15429 49683
T105: 46654 35503 27171 21903 19706 8193 46313
T106: 24954 1688 37371 5782 1263 23763 24385 4495 31164 31766
T107: 45504 35003 48657 23955 22920 23375 39636 48590 37358 1186 40332 49199
T108: 27104 42342
T109: 2078 27756 44987 27323 49465 35898 40593 39481 11132 20119 14947 21283 31660 33351 44603
T110: 8571 21292 32303 16283
T111: 18908 22395 23400 17206 44142 29987 31506 28425 12572
T112: 40545 26604 28204 41273 48205 42834 31323 1503 46703 5068 28156 26689 33120 19061 39037 11022
T113: 42493 13372 3696 48532 38579
T114: 17794 18644
T115: 44632 9839 22035 16825 48246 14917 46823 6692 8859 37464 26604 19048 49273 43908 37646 28123 44683 36010
T116: 44570 24630 28527 21405 4853 26698 11513 28990
T117: 6656 22035 30489 36550 17835 22963 13176 49215 26282 49235 43961 44359 11068 43249 39619 29987 17948 20549 49175 35750 21777 17807 23074 2002 36735 1463
T118: 14650 6104 7054 25890 47209 24866
T119: 16797 9076 23549 37052 4313 25197 7644 47357 45064 9515 15902 39938
T120: 4421 18770 24184 13176 42265 16249 28278 7010 41290 39984
T121: 13176 35628 33454 15649 26634 13198 41950 24850 17471 5194 38995 7067 31073 47509 14715 10017 43338 27845
T122: 39218 4276 14357 18376 24852 33232 12496 8309 19057 44449 34358 9436 35221 3583
T123: 5876 24964 31717 34126 39984 45007 20869 22935 26937 21174 40706 21405 39475 5588 42768 4544 28826 29506
T124: 36640 17980 8239 17830 39871 19677 43295 48057 33156 11447 25533
T125: 48679 18670
T126: 43961 17316 14852 30696 169 36076 30169 42460 48423 45763 28156 8638 5547 17029 9018 25952 41970
T127: 25513 40709 47866 13870 21903 43513 31778 16900 45951 49227
T128: 47766 18465 29926 11005
T129: 24363 29625 22935 15995 38890 28432
T130: 14678 19678 22935 21903 33731 2386
T131: 4516 2712 44560 35042 7898 43154 32655 18721 22618
T132: 21131 16696 43616 42972 6991 1694 36316 23909 34185 43693 32650 30913 13641 13627 10957
T133: 19348 15979 20269 24186 32638 46222 46261
T134: 47626 15386 24852 4605 8518 49098 34067 36070 3148 15902 45066 18498 22866 24838 47185 13802 12218 43183 26040 46844 42352 37611 14850 29529 277
T135: 45437 35921 43394 12384 1503 24799 22474 8424 46069 26047 45948 19448 17794 7948
T136: 31651 35898 26348