T1: 110108 100314 100101 120106 110117 
T2: 110401 110106 
T3: 110401 100436 110217 
T4: 520423 760915 500301 500210 500201 500203 
T5: 110605 110136 110605 100312 110401 110603 110109 
T6: 100109 100205 100205 100102 590522 100205 110411 100511 100205 110411 
T7: 110401 520508 560334 
T8: 530107 110411 530107 110411 110411 530104 520457 520133 530110 
T9: 720317 500201 110114 
T10: 760117 320308 530101 530101 760518 740305 760135 520401 320201 751203 760707 760107 500311 500202 760145 520424 740105 760163 760707 530103 520401 740105 100507 110513 760183 500203 740105 500311 760135 320308 500402 760518 760230 530209 740105 530501 740104 520510 100443 320308 540203 
T11: 500210 500202 712901 530112 520234 520469 760163 520469 520469 530112 530204 530403 501002 760534 500203 100403 760145 530302 500206 760534 530112
T12: 540209 540224 520457 110117 560334 520316 
T13: 100102 100505 130401 110117 100312 110207 500203 530103 130405 530407 500201 100303 530101 130315 100306 130401 500202 110217 760235 110109 100314
T14: 530201 110217 100429 110122 110136 110506 110505 100301 130106 530111 110407 100443 300422 110131 110217 
T15: 320202 500805 100301 320202 720214 510101 500302 100208 130203 100301 130208 
T16: 300107 501001 100325 100205 100516 520505 130317 530403 100205 730301 300709 100325 
T17: 100218 130111 100428 300301 100103 110401 
T18: 100507 110411 100422 530209 110411 110410 520324 110601 130110 110136 110105 510506 100109 100403 110411 110411 
T19: 130106 760164 110305 731301 530209 530205 110109 130402 100213 110305 120108 120112 110305 530126 110603 110603 100303 110402 110305 120110 100517 100517 110604 120103 110604 100325 120108 110603 120110 100205 100407 130305 120105 110603 100407 530501 
T20: 530220 100319 780510 120102 780506 100310 100431 100401 110402 530110 530209 110125 110410 130401 110136 120110 120103 500105 100517 780510 120102 120110 110136 530109 100213 120110 100208 110411 530108 110410 130205 110411
